FID	IID	Pheno
2307	2307	0.00998920056841179
379	379	-1.45252773490108
478	478	0.110971665376042
1545	1545	1.11362854103564
990	990	-0.209933313933735
1907	1907	1.0397546620555
369	369	0.0796743172530386
1694	1694	-1.85795188080866
2137	2137	-1.57372278121795
2314	2314	1.5286172139592
782	782	1.75419553200552
378	378	-0.674471187154896
696	696	-0.632900631545612
153	153	-1.43024364964035
331	331	0.091022268717701
1248	1248	-0.173723753004582
1944	1944	-0.0737003229869713
2188	2188	0.419018335320376
2020	2020	0.191065817069627
1207	1207	-1.83016812295158
197	197	-0.185050414149521
1206	1206	-0.912818643308271
807	807	0.471144717768233
822	822	-0.498109127893838
1014	1014	0.709491268022188
383	383	0.813267968801948
953	953	0.953125154724528
1169	1169	0.778134389702734
1782	1782	0.534404732027598
539	539	0.794970749593004
1736	1736	1.50653649989346
1119	1119	0.215896531844086
260	260	-0.0908726401873914
773	773	-0.00695183091210216
33	33	0.249274741920668
460	460	-0.676314339955825
1366	1366	-0.179413928342862
664	664	0.052476827372242
781	781	0.0320877845900994
1457	1457	-0.612458674799285
507	507	1.467557717326
555	555	-0.226439386371558
1777	1777	1.58887235248629
2094	2094	-0.181488027976914
2198	2198	-1.02840826316403
840	840	-1.05518160691846
2386	2386	0.349495469648398
1183	1183	0.380680399165647
1929	1929	-1.97611342873897
678	678	1.05485291739016
1691	1691	0.20826655939341
1498	1498	0.458498460238388
1586	1586	0.970918151688705
192	192	-1.35551240560533
2084	2084	-0.575363737224619
1474	1474	-0.741457673997518
396	396	-0.491335365386407
1831	1831	-0.81079806445943
351	351	1.16600013249228
124	124	-0.0718780697773453
2251	2251	0.0997469558114054
202	202	1.58896677797635
710	710	0.614311555438147
1392	1392	-0.291494433643214
232	232	-0.579288648425736
67	67	0.634313962752509
1131	1131	-0.582661862993256
2370	2370	0.33278081664117
1461	1461	-0.261712527788463
2082	2082	-0.836605935352577
611	611	-0.175894917255364
1872	1872	-0.687804441615166
1814	1814	-0.688015423656165
1775	1775	-1.1731463819464
1400	1400	-0.604347741049743
763	763	-1.44100245682232
1677	1677	-0.190694145394152
695	695	-1.04695382724
1412	1412	0.870787365158936
572	572	-1.03364134161034
414	414	0.44377374604548
1129	1129	-1.63342157661304
1566	1566	-1.22082689037458
2102	2102	2.09831315342338
325	325	1.17306689093907
2397	2397	0.244534142268836
1192	1192	0.628280669479437
1786	1786	1.80549654119365
441	441	-1.95412119869206
2255	2255	-0.99606113777931
1657	1657	0.766126401711528
707	707	2.55081347473317
1597	1597	0.180437802799914
206	206	0.130085516431401
1321	1321	1.3576226694107
190	190	0.0390929102926744
2218	2218	-0.579267506305396
2122	2122	0.0719545391627846
109	109	-0.350108544866789
1895	1895	0.565537152371755
404	404	-0.230406633817545
1515	1515	-0.0686710128352159
2277	2277	-0.926481577463399
1806	1806	-0.499753204130467
217	217	-1.30763900297993
647	647	-0.734977135460638
1683	1683	-1.53769388183566
306	306	-0.219595586574138
361	361	1.19421740761082
21	21	-1.54708973138387
174	174	-1.53763435062082
447	447	1.34119436642368
2039	2039	-0.138225923428043
738	738	1.11289128687265
1148	1148	-1.57260787471647
1081	1081	0.0516738842932738
692	692	-2.88225534609397
705	705	1.01608640106399
281	281	-0.463955500035459
251	251	0.879529040725178
1588	1588	0.350072870691929
2347	2347	1.23905968202605
1558	1558	-0.628007069739762
1	1	-1.00886496804652
2390	2390	0.248949575494669
1991	1991	1.20002314392758
1741	1741	0.312344991777362
1343	1343	-0.143126688127748
1600	1600	0.574067033786271
1093	1093	0.873363961384739
473	473	-1.08287139041825
1837	1837	1.41261056808362
935	935	-2.00853826252654
540	540	0.277444499955963
79	79	-1.76762641982936
1598	1598	1.76559152424096
1918	1918	0.872400880804535
2104	2104	0.403117219770092
1947	1947	-1.76783611253962
931	931	-0.291680086451977
2224	2224	1.63690850276785
1647	1647	0.445526830837845
7	7	1.31593676708933
360	360	0.957650330650959
2151	2151	0.303317001334838
1115	1115	0.347289150340118
1341	1341	0.6032278824456
243	243	1.28580559494377
1746	1746	-0.569544820955546
753	753	-0.281051032035206
2325	2325	1.63993165573958
1143	1143	0.52437147852767
434	434	-0.628767511409758
2237	2237	1.97120198649223
720	720	0.590755755739122
1458	1458	-0.741930595404728
1139	1139	1.70175815347423
224	224	0.136488355405738
2015	2015	-0.0568814574802445
171	171	-0.871865854166452
932	932	-0.882498294938517
734	734	1.29857397227723
599	599	0.255026518779288
1755	1755	-0.807725428172173
1849	1849	0.47661393587815
155	155	-1.11787318036549
150	150	-0.954593052204583
451	451	-0.785886839628763
1705	1705	-0.088787422841829
56	56	-0.253749179055731
686	686	1.32144738349513
435	435	0.573310286607174
1500	1500	-0.925397478346615
1113	1113	-0.928561223896804
1382	1382	1.05141520842939
700	700	2.31807522459278
1822	1822	0.762189490124864
810	810	0.395190547661514
1066	1066	2.72009852646741
436	436	1.42586443699639
654	654	-0.561315601161895
1742	1742	1.34916156932704
785	785	0.54731998062993
1516	1516	-0.730411365369372
1048	1048	0.885864999914351
1870	1870	-1.08868264037395
1614	1614	0.797374210912133
861	861	0.671646453628458
878	878	1.30492313237553
1470	1470	0.477484893989051
1512	1512	0.511772709413566
765	765	-0.362046266510209
794	794	-0.73754866559513
859	859	0.2969733562314
2330	2330	0.0862104973356636
1532	1532	2.70903218743402
1114	1114	0.689972161967586
255	255	-0.0644466940838722
586	586	-0.443879420302386
853	853	2.48034455768171
1581	1581	0.824901753317164
2243	2243	-0.414299172097633
736	736	0.924213815981381
432	432	0.766555565147359
1420	1420	1.82141895574168
2275	2275	0.224865937590568
592	592	0.459630296794922
2239	2239	-1.62944441854532
1283	1283	0.0948544604469641
1322	1322	0.228730431463836
2265	2265	-0.807340205232545
1200	1200	0.05983655933559
1339	1339	1.06953539434392
381	381	0.290826563195463
606	606	1.60599747655713
767	767	-0.531892563665682
392	392	-0.999073072072441
2356	2356	-0.582689473283625
1060	1060	-0.261774634253506
1575	1575	-0.621788299225705
1313	1313	1.07364902017349
1291	1291	0.559650591890582
1603	1603	-0.103502038868403
2126	2126	-0.290979106063114
1087	1087	1.0900015110484
1968	1968	-1.87356004494007
2169	2169	-0.494293701375724
2278	2278	0.750187596500942
908	908	0.219687340571652
1496	1496	0.703900343631346
2215	2215	1.41386314707469
1194	1194	-0.407892162064462
1621	1621	-0.574799363216605
2037	2037	-0.679251105877382
866	866	1.17106013070847
954	954	-0.8708634641013
2205	2205	-0.581401651736042
1255	1255	-0.948564979854951
1214	1214	-0.00449812142147406
267	267	0.486258538270371
1179	1179	-0.463310350653329
1224	1224	0.0803406932273414
583	583	0.268646020808179
575	575	-1.58177536471477
352	352	-1.5573173734355
940	940	-0.464500695664691
1067	1067	-0.302938623311222
944	944	1.94460718958938
559	559	-0.511623662306569
760	760	0.17087188582496
1381	1381	-0.744679021927305
1000	1000	0.0205186800266074
860	860	-0.378273140553444
998	998	0.762636251404113
2075	2075	0.41452337786211
261	261	-0.0237205432178584
2038	2038	-0.736593698321346
1651	1651	0.111867113226759
1590	1590	-0.482380233009062
2268	2268	0.47266869693841
1554	1554	0.497931991541035
672	672	1.48613856393059
533	533	-0.42803542132115
2328	2328	0.302267685545863
2226	2226	0.571646068555506
152	152	1.49406525095769
508	508	1.18845649174715
1885	1885	0.795220490069717
1001	1001	-1.42400836788279
1033	1033	-0.523318189240408
975	975	-0.640022627167358
1388	1388	0.869802281456853
247	247	-2.09900719214003
885	885	1.30138017148782
1538	1538	-0.556919533633072
1096	1096	0.805942837648683
1905	1905	-0.455273982064763
1477	1477	-0.918289866614061
1689	1689	-3.31351326505339
556	556	-2.35383899869899
1859	1859	0.351131668328195
1159	1159	-1.70297291209633
1285	1285	0.0221100276301979
2266	2266	1.54035131039709
525	525	0.174675059145464
1172	1172	0.665142487530529
2101	2101	0.991858645248448
26	26	-0.0907246314043106
81	81	-0.444467711472415
666	666	-0.13140184707534
1876	1876	-0.204982889131682
1005	1005	0.605315900129573
1553	1553	-0.102213424377078
20	20	0.185029965607973
1611	1611	-1.55061255161636
2336	2336	0.0244049266988257
744	744	-0.174924186846879
2391	2391	1.06300257987343
1780	1780	-0.0822239412886588
1778	1778	-0.724767106425441
2024	2024	0.767520071494954
2293	2293	1.38316476715566
887	887	0.833298678901265
1126	1126	-1.0711791089561
2388	2388	-0.600981651439901
967	967	-0.719540287309505
1808	1808	0.261081631377602
739	739	-0.602900345284205
1902	1902	1.10246417986162
1908	1908	1.18685727889391
316	316	0.136012171992272
1744	1744	1.03364880130989
156	156	-0.872935583859482
714	714	-0.470162638351395
2080	2080	-0.179411074725343
920	920	1.97775042443865
2359	2359	-0.196942934059703
1794	1794	-0.345809182697989
711	711	-2.17695356908691
608	608	-1.66174033291515
1027	1027	-1.54707791039289
607	607	-0.556950867372109
1282	1282	-0.234693999571692
2310	2310	-0.326143093630686
137	137	0.255193779890035
1573	1573	-0.782309135983078
238	238	-1.30406533734892
729	729	-0.883349137639251
1459	1459	-0.111552778723775
23	23	-0.110667960312508
492	492	0.65125055252271
277	277	-0.323033565269072
1132	1132	0.390407357170866
1335	1335	0.674775840934962
1733	1733	-1.4648013362826
145	145	-0.353693013833115
1232	1232	0.342181051106796
1021	1021	-0.388967548948816
5	5	-0.659884670271787
1769	1769	-0.435561061628133
1936	1936	0.458119935389152
2092	2092	-1.41342633238538
1099	1099	0.0725382544224619
386	386	0.0618965700064332
1927	1927	-0.672516087541153
1145	1145	-0.814213495391049
1395	1395	-0.928068035913187
1791	1791	0.761404131901759
365	365	-0.182395604171546
684	684	-0.369487029121393
1098	1098	-0.249750653488307
2031	2031	-0.821819927482166
1195	1195	0.833220260638692
1201	1201	0.325332345192761
2048	2048	-0.523842428594296
2263	2263	-0.913054039840144
1674	1674	-2.2924216715937
1738	1738	1.11231270833929
494	494	1.09362807157763
1627	1627	-0.565260182901343
2158	2158	-0.426242790548079
304	304	-0.0269882728590523
1612	1612	-1.33238435815258
521	521	-0.168779372013718
1667	1667	-0.342242822827937
426	426	1.29969611016694
1964	1964	-0.498092297561246
727	727	0.612134326933625
2033	2033	0.519410757616618
2392	2392	0.80376520721396
439	439	0.661570936880323
812	812	0.430214457288513
566	566	0.0316864891686485
1069	1069	0.853626784610657
58	58	-0.867728745564497
749	749	1.89988686910738
1916	1916	0.06519107505695
163	163	0.426372558907623
1142	1142	-0.374389410742741
2273	2273	0.648550128242425
2385	2385	0.265860528234766
37	37	0.518299207926346
1920	1920	-1.9700991683553
123	123	1.63121596194595
1980	1980	-1.44769276933391
1422	1422	-1.39472400049221
1725	1725	-0.646070553326312
1295	1295	1.34197356921683
1175	1175	0.751266873294953
1221	1221	0.152591337780509
1107	1107	0.118500177919433
1251	1251	0.832124027025103
2292	2292	0.107663569037359
1702	1702	-1.05981676697042
957	957	1.42863868174286
886	886	-1.95542641232203
138	138	-0.707612053688458
1130	1130	0.075071532667413
2117	2117	-2.34566256980652
528	528	-0.172239144747041
1269	1269	-0.376860810197014
1623	1623	0.420253727944082
941	941	1.63395355352116
1334	1334	-0.436304646942388
1753	1753	0.950929977183662
1564	1564	-0.629603583408147
320	320	0.645195570932712
2183	2183	1.39840808655258
1140	1140	0.29401214894875
2145	2145	-0.157387583378641
2229	2229	0.174365124251984
198	198	-1.01214794372719
1817	1817	0.733723069046427
1352	1352	-0.67894169788008
731	731	0.832845968499687
1012	1012	0.842258298022718
1722	1722	1.02759884927778
1679	1679	0.665881436349079
2283	2283	-1.20933085640051
1850	1850	0.306744642467101
1658	1658	-1.47929412490968
17	17	-0.50668845844745
1316	1316	-0.130865656348383
1898	1898	-2.15834784840338
1567	1567	0.964916007982825
2177	2177	-0.607144518330635
1235	1235	-0.942196712654432
1110	1110	-0.100370502217741
618	618	-1.01993118109559
54	54	-0.422188769164124
1418	1418	-2.75410504974514
2108	2108	1.25706517878692
1120	1120	-0.991077137224068
902	902	0.820022801862363
2342	2342	-1.0009841825085
2050	2050	0.596309503623234
1391	1391	-0.398115401543176
798	798	0.102067825439238
43	43	-0.885170636455594
1552	1552	-0.18236865747813
888	888	1.20282154859324
777	777	0.993029584561222
1571	1571	0.168747720242667
2105	2105	-0.653222673212049
1993	1993	0.18802474192775
1601	1601	0.546095628513474
2055	2055	0.110585869204803
838	838	-0.837503818310082
2130	2130	-0.0251412467161262
937	937	0.67276957605236
1202	1202	0.163660760615052
2230	2230	0.843414877148648
573	573	0.223418493363401
2362	2362	0.566056499991643
1510	1510	0.728759431387284
2190	2190	-0.905339810655524
1985	1985	-0.41302811349452
1402	1402	-0.594573830377115
105	105	0.289093512877452
393	393	0.573933988546016
1138	1138	0.171216841366402
1084	1084	0.204599528699316
88	88	-0.710241941101642
120	120	-1.19908165647728
332	332	-1.08306847613323
2308	2308	1.11040658285058
2185	2185	-0.22890572353532
2076	2076	-0.414970059642822
1323	1323	-0.624826462762792
1356	1356	-1.26604394153531
343	343	-0.261416803793322
2200	2200	0.540729547970619
718	718	-0.838314451899739
80	80	-0.486267322251098
1260	1260	-1.27725076583339
431	431	-1.11050023648729
2045	2045	1.20463581039084
1712	1712	0.244910736911381
1899	1899	2.02473407115128
919	919	-1.07067758439331
1544	1544	-1.22032329983753
593	593	0.965184340913912
228	228	0.130164798104522
2006	2006	0.0913133929022308
2192	2192	0.683939781173583
1522	1522	-0.0936503151124337
762	762	-0.445387961688896
1466	1466	-0.752690926951095
170	170	1.80255992093849
708	708	0.781961423270955
693	693	-0.411751811888504
2026	2026	-1.08167795602229
926	926	-0.612667459670822
2168	2168	-0.871398354994719
1095	1095	-0.599177994231664
187	187	1.19153672853008
1497	1497	1.07113947147817
1353	1353	0.0114638992516429
1410	1410	0.943502507427278
1828	1828	1.16729578932882
2383	2383	-0.175765158669098
339	339	-1.17743938341427
1763	1763	1.45652521726711
1629	1629	1.45578873812543
2337	2337	0.404545248070688
1308	1308	0.890239909252795
1891	1891	1.23339228392428
215	215	0.907768841705468
999	999	0.0582464995481501
477	477	0.11135748440505
2368	2368	-1.79086261780572
1464	1464	0.433907161882509
752	752	-0.803604977775881
1960	1960	-0.912187156242151
1534	1534	0.179076107578521
1467	1467	0.946329890215575
2191	2191	-0.49273727919936
1222	1222	0.434221631462666
772	772	1.9164761531519
1068	1068	0.633513066071032
801	801	-1.21244322130747
87	87	1.22529196918449
1995	1995	-1.21929005887241
491	491	-0.772192907520669
453	453	0.318586154345835
1591	1591	0.0801724671093397
989	989	0.795055449179764
870	870	-0.929706887298939
2228	2228	1.02516326080137
1230	1230	1.55913824664076
385	385	-0.763899362399607
518	518	1.01671712873709
490	490	-1.06641472679046
1750	1750	-0.0910240151840571
688	688	0.200095315667566
970	970	1.47473610737926
1319	1319	-0.355559486560912
1664	1664	-0.321863980595693
1889	1889	0.0390953501089306
1696	1696	-0.774326395786384
459	459	-2.10221030990341
1737	1737	-0.449704025044377
218	218	-0.31510197836299
1219	1219	-1.87637233939069
2136	2136	1.41094748148544
2093	2093	-1.25319329423297
1118	1118	1.45695029216738
1052	1052	-1.58004639302479
1184	1184	0.440336194241864
847	847	-1.85210741754699
1758	1758	1.84928972432547
207	207	0.460243327775808
1112	1112	-0.932193016837483
1821	1821	-1.43828255338321
132	132	-0.624159643714559
1709	1709	0.260173677882519
1449	1449	-0.666886151910085
961	961	0.0114269734326421
1668	1668	1.6855217235457
183	183	0.540257867797069
1894	1894	0.168600249512593
29	29	-1.59245282324672
1858	1858	-0.358346996333794
2146	2146	-0.455379958902189
610	610	0.622108424057467
400	400	0.214284685116659
1046	1046	0.994175785870531
1915	1915	-0.348489272240389
2134	2134	-0.0859612332935734
1843	1843	-0.638542680507746
1861	1861	0.535755527139679
93	93	0.769616654980263
359	359	1.69357109253619
1326	1326	0.696662029300243
295	295	0.865531042119868
2049	2049	0.0352887180000456
1244	1244	-0.766881662240014
1688	1688	1.38451174206046
702	702	1.82989160399979
2149	2149	1.50224623007629
373	373	1.59842926531154
747	747	0.0964430608982716
1784	1784	-0.542918609791195
595	595	-0.935831419040093
1398	1398	0.467671226152585
2279	2279	-1.56389367393831
1144	1144	0.687932296152294
1413	1413	0.693414112144197
835	835	0.00949663792967126
745	745	0.796335621824138
2165	2165	1.80276734159138
2096	2096	-0.908839054027399
1959	1959	2.36343808133397
2206	2206	-0.340653828036448
458	458	-2.07894718924608
1649	1649	1.84038449334494
1347	1347	0.639953756002152
1009	1009	1.59298766072616
2035	2035	-0.802637192598091
1446	1446	1.74905955890119
2306	2306	0.000702722467798789
520	520	0.82617229496962
1613	1613	0.574953914050696
346	346	1.61125291446058
1171	1171	1.09939531838846
2069	2069	-0.486745924489891
660	660	0.770634164243082
1035	1035	-0.710984936838556
1415	1415	1.39371331775261
943	943	-0.586072952596366
616	616	-0.246636656845072
676	676	0.513939864285763
1979	1979	2.60739702606053
108	108	0.386303045536518
1989	1989	-0.503058767591559
1951	1951	0.913776489741847
330	330	-1.79074717478317
266	266	0.105737795174383
1253	1253	-0.0302059168010421
2363	2363	-0.528251556697804
1871	1871	-0.207417336120841
151	151	0.0749117296880378
1518	1518	-1.48981693227795
793	793	-0.528992146641334
1508	1508	-0.763372616831484
580	580	0.122150982186498
2114	2114	-1.70994401689637
923	923	-0.883213935177615
1542	1542	1.09208623678242
2211	2211	-2.23582456676295
589	589	1.11933995895461
2288	2288	-0.514638591533921
2365	2365	-0.57775987097348
1759	1759	0.219158216123046
1440	1440	0.747263900696388
1624	1624	-0.399785407802811
827	827	-0.411221469887423
1812	1812	-0.685859726752858
1487	1487	-0.331850329285994
808	808	-0.53135377976397
1250	1250	0.969167793708236
1482	1482	-0.86342963486152
949	949	0.864955684078593
275	275	0.450730082882581
1761	1761	1.203342472431
221	221	0.595334505798807
1380	1380	-0.165377821892259
2208	2208	0.248729482455729
2289	2289	-1.32717938436186
1605	1605	-0.566208474690317
813	813	0.170786080908107
210	210	0.00453816849335242
1620	1620	-0.200726551210322
296	296	0.615058725404233
1805	1805	-0.0760558300710142
1671	1671	-1.39442496979423
185	185	-1.20078280387078
536	536	0.0643264067062964
117	117	-0.824908380164584
455	455	-0.594182383306216
2159	2159	-1.88472780524676
819	819	-0.147011351791243
2000	2000	0.767499398760845
522	522	0.356869326523335
1838	1838	-0.486532986137743
1693	1693	1.5089656817306
2187	2187	-2.14412412458141
1540	1540	1.17526410268145
1173	1173	-0.30633316195096
1485	1485	0.436412515581809
1445	1445	0.547120725975825
384	384	-0.242107819753302
1170	1170	-1.08736429659644
2322	2322	0.687714700546851
168	168	0.844336467294505
1653	1653	0.135080324056832
2001	2001	1.79269473257794
1768	1768	-0.508358054552155
764	764	-0.44633989079964
1210	1210	1.36315571854516
1726	1726	0.495688993070842
2227	2227	0.502699667129048
1484	1484	2.21798195274594
2171	2171	-0.408955625093765
2103	2103	0.476262108193085
442	442	-1.71150661464797
14	14	-0.392678082375659
1234	1234	-1.6311414445992
1026	1026	0.234491527076269
229	229	1.22578133820774
1990	1990	-0.0161220220760854
1669	1669	0.191457800648085
1988	1988	-0.0971614004507873
1530	1530	0.817396839998281
1363	1363	-1.52153000127023
1340	1340	-0.0878413419449668
319	319	-0.62447824302584
1452	1452	1.01592412234835
53	53	-0.916982785537775
544	544	-1.13933156383166
2261	2261	0.900908015374416
981	981	1.97724957923214
12	12	-0.344755560096459
947	947	0.671160845576326
667	667	0.132017216395699
211	211	1.26458646546315
893	893	-1.43752561491946
99	99	-0.0374032547563286
746	746	0.728982323612697
732	732	-1.75488767041405
140	140	0.800012657008393
517	517	1.39665556344565
276	276	-1.09047288680134
139	139	0.773905278735831
85	85	0.448375111854005
403	403	1.13099068337927
1468	1468	-0.119681258140653
1641	1641	-0.700757269158605
650	650	1.44065374178978
1302	1302	0.117904777186582
687	687	-0.280806564514022
2225	2225	1.83222057865645
2099	2099	-0.569693876234329
1047	1047	-0.433567567605106
2019	2019	0.0812397393279071
242	242	-0.681658682501189
2245	2245	-0.708123944600021
2241	2241	0.756013829884122
1945	1945	-0.0398958087889785
649	649	0.14401662632462
424	424	0.869868509427949
421	421	0.556416863208241
986	986	1.30585707822028
2186	2186	0.85982709342906
486	486	-0.351383282404418
2073	2073	0.275140780054163
1773	1773	1.16325537086261
1187	1187	0.327714009850266
996	996	3.01580348964819
881	881	1.71452092076791
1967	1967	0.456505660527551
55	55	-2.67086724885482
1243	1243	-0.185433759346693
1593	1593	-0.41152008194075
1587	1587	0.15767696688103
2315	2315	1.00882753547225
2175	2175	0.0537043736432507
741	741	1.00086719591489
883	883	0.09429418286468
1417	1417	0.902475241822385
2199	2199	0.877840823797653
2064	2064	-0.93812608703021
2285	2285	1.01826674752326
407	407	-0.0242031345043368
1166	1166	-0.46424082139529
632	632	-1.32167633666194
879	879	-0.404128776021969
90	90	0.0947429469570659
465	465	-2.25000670273204
543	543	-0.192666538144554
963	963	0.104922118735459
148	148	-0.780800045098407
1249	1249	-0.302706606013355
836	836	-1.25168130180103
1711	1711	0.615177595623587
1135	1135	-1.067282000271
1441	1441	-1.97797575617919
245	245	-0.962077842241298
2022	2022	1.7127527108796
1937	1937	-1.46127597610729
1344	1344	-1.33523532257811
1019	1019	-0.376300599725897
57	57	-0.285714604090255
1123	1123	-0.312824408644109
2399	2399	-2.63824597659057
966	966	-0.676657803437674
643	643	-0.61242609269258
1798	1798	-0.132033109223238
873	873	0.567865891212127
2085	2085	0.640913558998783
1582	1582	-0.71510668698701
1982	1982	0.0504724615770269
115	115	-0.23369588824241
717	717	0.917709190095399
1086	1086	-0.0355512029585456
1263	1263	-0.0303606356459118
2344	2344	0.715187884289989
2287	2287	-0.392622928252768
1233	1233	0.992861491105043
1942	1942	-1.08635683868335
2260	2260	-0.295841175862714
112	112	-0.186255060553709
2166	2166	0.706066633274898
1163	1163	-1.4036537577491
1813	1813	-0.00569869840053183
1911	1911	-1.717988240721
269	269	-0.862017965805848
548	548	1.68493106273519
2071	2071	0.682564589796413
2333	2333	0.432953877162865
410	410	0.484167519160558
1030	1030	1.25097364068684
345	345	0.444227246821383
1701	1701	-0.349262353714173
1883	1883	-0.16409881203511
657	657	1.05968943449821
1494	1494	1.56632451676021
952	952	0.131890513526434
1754	1754	-0.315813953961052
64	64	-0.311917159683482
1631	1631	0.185772989713772
481	481	0.0179187304476184
2027	2027	0.615576479776101
842	842	0.895599623280653
1525	1525	1.03501173758318
309	309	0.506467178048384
231	231	-0.727508353504134
563	563	-0.539907200551397
901	901	0.512138495663679
617	617	0.989715400965356
59	59	0.150219455689224
1199	1199	-1.15181958017987
340	340	-2.11436975755688
161	161	1.94276900417963
13	13	1.64503185418216
1710	1710	-1.33144781745673
61	61	-0.0782949854798596
1574	1574	-0.587158106321391
799	799	0.0469267643434309
1723	1723	0.512940777992796
336	336	-0.636435935381393
1599	1599	1.10249183710678
2300	2300	0.938135253833422
581	581	-0.185453844381647
1444	1444	-0.11488238324721
1022	1022	0.198809020828225
502	502	-0.335917731246159
1217	1217	0.409346556799866
980	980	1.00473444921607
27	27	0.761448620751958
834	834	0.662108285829049
911	911	-1.02251716718274
1071	1071	-0.645541158762926
1779	1779	0.0604309003675096
1448	1448	-0.0330699736773182
766	766	-0.562294191388549
2204	2204	1.43096522817677
1264	1264	-0.569670309053152
122	122	-0.277940529052785
214	214	1.05816774025989
814	814	-1.4488779611232
914	914	-0.323387676762634
802	802	0.155573782333809
2124	2124	-0.257774005908365
1267	1267	-0.0526599817364172
2013	2013	0.710589615302738
146	146	-0.541501050936013
495	495	-0.0842506018107022
588	588	0.154482656610624
828	828	1.24628827417944
950	950	0.0712133892237683
2264	2264	-1.98411940448875
222	222	-0.992612321666796
2090	2090	0.062536678411323
1406	1406	0.913517846605565
437	437	-1.70919281963547
1634	1634	-0.228786333164994
2153	2153	0.642029708754133
774	774	1.93177662875068
1970	1970	-1.31110437565169
891	891	0.542927445291337
311	311	1.15415346909927
742	742	-3.37362825762129
2367	2367	1.03761452745692
2042	2042	1.48514842068903
1453	1453	-0.807224912368142
576	576	0.123210228244894
1721	1721	0.115403429030231
2057	2057	0.645313483148945
1878	1878	-2.02084456194557
2364	2364	-0.342660268519882
945	945	-1.34185443891382
526	526	-1.28661140734336
312	312	1.72490148061725
313	313	-0.253363945389502
579	579	-1.01796065140244
2366	2366	1.0128502757638
500	500	0.297517383788007
1953	1953	-0.34862109098407
1562	1562	0.00300769385388353
867	867	0.425857408560435
2235	2235	-0.939947785108747
590	590	-0.293300374612274
630	630	-0.991076594438311
1059	1059	-1.96701373948286
2357	2357	0.507291628415049
317	317	-0.793468428993156
2376	2376	-1.54019838547137
466	466	1.02851342562106
1578	1578	0.0558539794181739
2056	2056	0.394327482611478
2004	2004	-0.664527563305871
1225	1225	-0.730938312090547
796	796	0.933120405080162
638	638	1.22009303486648
1401	1401	1.25233690060588
1212	1212	-0.458007732984454
743	743	-1.36639176925451
1427	1427	-0.732466661647941
2374	2374	-1.3330444459279
1057	1057	1.45583284242911
1053	1053	0.880765555457502
2193	2193	-0.119730044519911
240	240	1.66867728590164
1676	1676	0.892239761945006
537	537	1.96494849990169
36	36	0.37929796393029
1887	1887	1.47235334039651
344	344	0.194353804540172
1311	1311	-0.420262682092959
2179	2179	0.00408155045046396
1717	1717	-0.591553273516472
2345	2345	0.183762123967743
1536	1536	-0.130396672103497
1978	1978	-1.91117985410267
1734	1734	0.857473607702603
2262	2262	0.672258180302438
2267	2267	0.462276071525654
2238	2238	1.46814630783973
656	656	0.652109844380683
1568	1568	-1.64086290408716
1300	1300	0.127570922290278
2128	2128	1.80805236624157
1796	1796	-0.297732709212647
299	299	0.597733630654062
2112	2112	-0.127981648981212
1317	1317	0.0467486625669764
1247	1247	0.499162150151922
1687	1687	0.684397952843997
10	10	2.02838519013197
2271	2271	-0.212186478886105
38	38	0.118473192685066
856	856	1.14237731975712
1231	1231	-1.20759583239998
1704	1704	-0.352736767176992
868	868	-0.124762269406622
642	642	-0.401559512938952
2290	2290	1.92262478337692
1409	1409	-0.889474261915888
778	778	-1.5977007627425
2369	2369	0.833272536606714
613	613	-0.996842912981586
1338	1338	1.44155837129516
921	921	-1.65694818823061
1825	1825	-0.441946542995782
158	158	1.88719079727354
2078	2078	0.0771711354618822
800	800	-0.0784512089478042
1521	1521	-0.742903546978013
733	733	-1.01171510722787
681	681	-0.751972544732939
1926	1926	0.87618843632339
141	141	0.52332476467499
1031	1031	-0.302118120498943
9	9	-0.16174367881265
225	225	1.58647739640255
287	287	2.02039397877162
2139	2139	-0.327239917782814
1652	1652	0.329820952939633
972	972	-1.59149239962828
209	209	0.862755538060432
2060	2060	1.62645118952403
2016	2016	-1.85753154297756
1730	1730	-1.62441441704577
1432	1432	0.0441524064828658
39	39	-0.373262440300026
1305	1305	-1.03375223859132
1287	1287	0.738333673125654
1585	1585	-0.859736861191559
1537	1537	1.00524191924789
1897	1897	-0.526397920756942
469	469	-1.55225691579273
438	438	-0.457614464071474
1690	1690	1.06671409474144
1127	1127	1.21124771091749
291	291	0.18503450342743
1102	1102	1.99129749989242
111	111	0.545624155561606
1349	1349	0.0255324599038793
1237	1237	-0.592278805097594
2107	2107	-0.740216615620308
337	337	0.510990408167327
2353	2353	-0.0921458499061807
128	128	0.531904651476818
690	690	0.815997167648274
854	854	1.18480887397611
527	527	-0.524887259666175
701	701	-0.937872857758945
2086	2086	0.989109916228539
1921	1921	-1.72188502268166
1045	1045	0.115275294887699
1811	1811	0.409321711564019
1715	1715	-0.220194496192667
636	636	-0.63122307632659
1752	1752	0.504963632438669
2213	2213	0.10777086977875
1038	1038	0.912671956607544
1790	1790	0.320451014259815
783	783	1.83518281672682
839	839	-0.338821888597139
1513	1513	0.721459174504467
2244	2244	0.65021189542483
2098	2098	1.48107648736932
70	70	-0.623285623475426
422	422	-0.131589233788752
246	246	-0.16818476698777
248	248	0.530340635171424
1032	1032	-1.53475337479691
1430	1430	-1.46088327684666
2119	2119	0.0263063815525357
1528	1528	-0.529623143430552
1952	1952	-0.49794910114552
2155	2155	2.37897464750035
916	916	-0.719428601485411
974	974	0.0442370944006974
1963	1963	2.17714401984373
1097	1097	-0.827918462441719
1504	1504	0.739676974728545
2157	2157	-1.92888405332564
679	679	0.973420833307373
284	284	0.296889680848399
1862	1862	-1.76307135801704
865	865	-0.276895042545211
1846	1846	0.0874164126142576
1935	1935	-1.45693199713113
1331	1331	1.86053065271559
1181	1181	0.1294044376663
2053	2053	-1.88034375309729
771	771	0.816925517607952
1589	1589	0.147145720505633
322	322	0.553128115627947
2068	2068	0.217268265119748
406	406	0.497818025334462
1158	1158	0.179476213080439
2302	2302	1.12243036021718
413	413	0.586001883618454
189	189	-1.59847508710644
811	811	1.21633158862495
1966	1966	0.173908213358957
372	372	0.517893416490228
644	644	1.76511155240085
627	627	-0.452335095383245
387	387	-1.87397082233042
511	511	1.03556464763001
91	91	-0.589575403907364
1149	1149	-0.145345283373148
1974	1974	1.01490350855732
1165	1165	-0.627791793048273
501	501	-1.6413485863086
1539	1539	0.378650249632437
2059	2059	1.71556919805225
2331	2331	0.866377741015866
280	280	0.847503745027527
1075	1075	-0.401689172095219
1560	1560	0.0525330656642931
1337	1337	-0.898040050527796
817	817	0.293177895211343
1713	1713	-0.858113753310012
933	933	-0.56689695582168
2232	2232	1.7116318205691
1606	1606	-0.239151665620334
2067	2067	-0.950763058116249
233	233	1.3191708031015
535	535	-1.4807806187098
962	962	-1.88083863655971
1800	1800	1.2750327933721
1111	1111	0.859352279616511
1040	1040	-0.893155882786
2097	2097	0.823307280054263
1188	1188	-0.104680608307417
2063	2063	0.989062693355603
6	6	0.173759129175214
1355	1355	0.356662547668672
279	279	0.887772638031814
623	623	0.844408290872665
1203	1203	0.182619507583847
65	65	-1.09138707059054
1810	1810	0.843910577059049
2303	2303	-1.42686422510918
184	184	-0.692196431404145
2373	2373	1.36807674713838
2329	2329	0.128229795628646
1541	1541	0.841828214743118
2219	2219	-2.97215857559025
1917	1917	0.470188753861697
420	420	0.263301241611035
2066	2066	-0.521499394392829
2142	2142	0.484320446379607
2058	2058	-0.642007768296331
514	514	1.36879242434737
569	569	0.0283199811291317
665	665	-1.46486521025346
335	335	0.116455981585741
1327	1327	0.452997085647436
2312	2312	0.413035227345767
1364	1364	0.186548662806694
2346	2346	0.608531539558107
1182	1182	-0.0222245136541195
2398	2398	0.424708752935015
770	770	1.20929761643755
1625	1625	-0.996467856532757
78	78	0.86369324442601
603	603	0.47041806825781
1116	1116	-0.508787130990118
2176	2176	0.158861077205895
984	984	-0.964369417419396
2220	2220	0.373359256216923
371	371	-1.22663538586476
1615	1615	1.97900083859537
903	903	1.88728172862312
1376	1376	-0.242847360457515
2172	2172	0.983411283704441
166	166	1.97152922582531
2011	2011	0.000741235811266283
1637	1637	-0.310447617916038
979	979	1.27510524297029
1678	1678	0.22411118879209
1524	1524	1.33376026833259
321	321	0.212218335845662
2320	2320	1.40381003053711
505	505	-0.481712549278532
154	154	-0.948913942595032
1569	1569	2.24060239128752
1227	1227	-1.63123082512183
1933	1933	-0.167159128191194
2209	2209	-0.600889861839
2061	2061	-0.740240249456934
1577	1577	-0.63809085970008
2338	2338	-1.27529119355779
2051	2051	-1.14250876911271
1073	1073	-0.449931599016244
1695	1695	0.678076557001427
735	735	-1.08844909711881
24	24	-0.730117002970811
1661	1661	-0.600537529267233
2371	2371	2.59816951116789
375	375	0.569883075319912
872	872	0.313503765052592
1275	1275	0.0165669253469557
1377	1377	-0.798519069360974
220	220	0.761402388554953
1121	1121	-0.923196075848341
2074	2074	-1.30074202151756
1680	1680	2.5160791648101
1328	1328	-0.707313840663607
2116	2116	1.98341161797477
1826	1826	-1.13822044687724
1934	1934	0.875650317647389
286	286	1.14704590119775
104	104	1.57729235561622
1455	1455	-0.463468513233198
1385	1385	-1.82227513140591
86	86	-0.330852221466092
1655	1655	0.31065540520439
1836	1836	0.519932750962718
2214	2214	0.259581906744963
456	456	-0.0696987992513843
370	370	-0.448622223642928
2354	2354	-0.614576987514842
1265	1265	-0.554094347779805
562	562	0.364278542650436
235	235	-1.46428052140175
1310	1310	-1.25633347098783
298	298	0.986108629736949
1965	1965	2.14115530603594
41	41	1.10846025724336
1475	1475	0.312190130946448
2088	2088	-0.547888852110444
1278	1278	-0.834167558634189
850	850	0.194710171379778
1077	1077	1.40574341248751
2221	2221	0.314578345540085
1833	1833	-0.298042726416606
1438	1438	-1.27022158457217
889	889	-0.960022315843939
849	849	0.96999653968208
1914	1914	1.17505868980112
303	303	0.797225055506596
1547	1547	-0.00375412232074528
655	655	1.25921740759159
52	52	2.20954733911763
1869	1869	0.0692782381118696
1186	1186	-0.818713428828896
1922	1922	-1.69411840196468
1650	1650	0.273790581977387
2295	2295	2.1393927513939
201	201	-0.355401833961872
748	748	0.553921383801877
1277	1277	-1.34793638572126
1856	1856	-1.60350893008935
806	806	0.109151022898984
1729	1729	1.32433158604825
278	278	-0.791164760222323
1743	1743	-0.632978769749534
135	135	-0.130671069118127
1228	1228	-0.736492294614512
116	116	0.666334129402098
2318	2318	1.78896986592779
472	472	-2.88757612086316
2194	2194	0.457522641964093
2106	2106	-0.447702292315547
2389	2389	-0.782089545578292
1840	1840	-0.42435830396781
1100	1100	-1.35339614954422
2131	2131	1.24184078575775
1276	1276	0.982001872296309
200	200	1.061470819264
113	113	0.703979327222094
825	825	-0.254215902021365
663	663	1.0705425446206
1948	1948	-1.12848282752261
265	265	1.13203900825143
2240	2240	-1.78524816504715
1602	1602	-0.875787542749739
1178	1178	-0.609377930107404
1832	1832	-1.1819774052841
1029	1029	-1.38818170101515
244	244	0.414230826957709
2236	2236	-0.456445007819589
2014	2014	-1.17204053521562
1860	1860	-1.09794323439335
2184	2184	-1.11890414644062
848	848	-1.51976672729514
293	293	-0.889269944739838
633	633	-0.918137812771688
405	405	0.256406852623409
1563	1563	0.240631953011327
631	631	-0.209402327434292
1164	1164	-1.00062935075609
864	864	0.160290956122378
1028	1028	-0.452674404809928
1816	1816	0.343569444661576
775	775	-1.07654697674563
1076	1076	-1.69725803821109
474	474	-0.430357046968132
1023	1023	-1.04630597174291
96	96	0.559399023785329
1886	1886	-2.29969695708192
927	927	-0.831182856762764
133	133	1.32568963894693
1659	1659	0.636719709892334
476	476	0.607506133981747
1925	1925	0.0205485706647734
2212	2212	1.49279519458
480	480	-1.45068379437841
857	857	-0.0219013071296316
646	646	-0.342591607609726
2305	2305	-0.403622812837986
2252	2252	-0.532437678086664
1146	1146	0.750161289876439
1252	1252	-0.479439835966926
350	350	1.14293463244171
2291	2291	0.668764224596301
1362	1362	0.731579742056042
2167	2167	-0.345145226525457
468	468	-1.13791882128902
1289	1289	0.53189782399125
788	788	0.940793771769556
327	327	-0.751068384113367
851	851	1.27600992514112
2034	2034	-0.748079869654235
1795	1795	-0.964717963307625
958	958	-1.20928534737997
45	45	-1.66827901313418
1090	1090	-0.195363410598428
1257	1257	0.136602273570833
1055	1055	0.340749504069482
1506	1506	0.722375954321316
44	44	0.77333826418372
604	604	0.422860455637911
1298	1298	-0.721040176535829
1626	1626	0.674448976184933
89	89	-0.991356043013612
1239	1239	0.1771462151331
869	869	0.115010663090437
2384	2384	0.535552699499386
358	358	-0.384053832590696
1020	1020	-0.689125408737322
639	639	-1.71129283159558
1378	1378	-1.25500900485139
571	571	-0.951543446621333
1333	1333	-1.78836528562496
142	142	-1.04209100436894
1531	1531	0.540720319186231
2324	2324	0.752858171276898
2065	2065	-0.999391424970116
1238	1238	-0.931418577726759
408	408	-0.00142994953409392
991	991	-1.96658632265596
1714	1714	-0.580678829489176
1930	1930	0.354344945100102
471	471	-1.37610728701241
290	290	-0.569598882784247
512	512	1.04726221850262
179	179	-2.11414598156045
1699	1699	-1.15261197877161
924	924	0.0938382647719642
2161	2161	1.692079978749
2148	2148	0.200081539374143
196	196	-0.362571207782546
2323	2323	0.632165198804248
1189	1189	2.84532745941013
1835	1835	0.894661335275151
1258	1258	1.58686682413266
862	862	0.586862772201525
805	805	0.235067398517824
1932	1932	0.643680134212468
268	268	1.23931746101921
357	357	1.09728070427585
645	645	1.04817513084973
1394	1394	-0.565445367206736
1416	1416	1.00280018980727
395	395	-2.0410731094804
938	938	0.805308038033851
641	641	-0.47926156083491
786	786	-0.183312780077299
2118	2118	0.892805685543188
925	925	0.294893416452242
1855	1855	1.55525060667631
1685	1685	-0.0335315811883219
1609	1609	-0.0548270183009937
30	30	-0.315739917376795
263	263	-0.5944368549939
1103	1103	-0.829448302002952
1008	1008	0.126949321930178
415	415	1.0813257551703
1241	1241	-0.632267468138466
2334	2334	-0.114775155842674
302	302	0.479830118405476
35	35	-1.08709629990569
2173	2173	0.939442958097196
409	409	1.80914740252379
1514	1514	-0.0840808323470903
1092	1092	-0.14160329942877
884	884	-0.940209602475859
1304	1304	1.02237086771007
223	223	-0.764805854164713
1306	1306	-0.724875267618697
994	994	1.32834655369901
1268	1268	-0.574416111809307
651	651	1.78479262448413
2197	2197	1.28443506826759
1007	1007	-0.584016239543826
2222	2222	-0.769512491832626
178	178	0.227502888906813
917	917	0.10370621612774
1180	1180	0.319687682191627
2047	2047	0.78132166292463
461	461	1.01127871944882
19	19	0.659934571766443
450	450	-0.845334685642307
2319	2319	-0.755819450595756
1619	1619	0.516167893402907
47	47	-0.492314428729114
1462	1462	0.212560046662061
121	121	1.49203854015874
1088	1088	-0.111118170884313
1220	1220	1.06742210126745
1442	1442	-1.16104182836985
2009	2009	0.239099652437155
49	49	0.105214703706333
2025	2025	-0.945975327367775
1543	1543	1.05950397058831
2299	2299	-0.138009417823406
1141	1141	0.164542377152313
2017	2017	-0.199167626198224
129	129	0.440467944626296
719	719	0.734833014054039
2382	2382	-1.16969179790542
755	755	0.551160984203333
349	349	-0.000282934750949843
2144	2144	0.617867167590369
1411	1411	0.352744255625107
1205	1205	1.20385278992282
394	394	-1.00510641690576
3	3	0.155023764243942
968	968	-1.56999177391367
1447	1447	0.537743468889867
106	106	-1.61838949703247
1698	1698	-2.17067447776121
680	680	-1.34196059796445
1375	1375	-0.365207088758127
83	83	-0.162855264008899
1893	1893	-0.0243898322011318
545	545	-0.416103659075374
549	549	-1.48776747578417
1884	1884	-0.386966321962006
1279	1279	-0.514210568320114
568	568	0.293080359926648
22	22	-1.84832694724559
1286	1286	1.32723712533986
635	635	0.332176665674026
1996	1996	1.35371722908282
662	662	-0.160853884422232
1890	1890	0.152412865489759
1065	1065	-0.666774707527929
423	423	0.294504688269247
1082	1082	-1.95353845613543
2003	2003	0.612288054310702
1374	1374	0.629819168493455
2301	2301	-1.86350518343298
609	609	0.182256982396189
628	628	1.51600163027563
297	297	0.524320186155364
1389	1389	-1.16247170781521
429	429	0.400798318076811
841	841	0.779097921619701
1357	1357	2.70681242796887
2125	2125	-1.2234114731549
2028	2028	-1.20351912275874
2077	2077	-2.21752799234908
939	939	1.38166524427896
1604	1604	1.32935688802209
1320	1320	-0.796442452096524
314	314	-1.40953874031111
1106	1106	-1.08954817218299
2083	2083	-1.28958922813113
584	584	0.562835306959652
547	547	0.615513255493616
1312	1312	-1.09118350794862
1062	1062	0.778291817977579
1557	1557	-0.9674640150184
1408	1408	0.757116631200751
2326	2326	0.802109398342155
2378	2378	-0.446573156026633
1749	1749	0.0980117816109531
1774	1774	0.905976717881783
2181	2181	0.433181190728216
484	484	-0.770172511294543
890	890	1.79023237206545
1802	1802	-1.03318937482803
1293	1293	-1.40094806579219
318	318	2.95703197818674
1820	1820	-0.492062004257007
1665	1665	-2.37813049573472
1072	1072	0.0379388502193156
2007	2007	0.00150951677234579
1318	1318	-0.608702120359886
1499	1499	-0.924980546596117
905	905	0.162255703915979
338	338	-0.555043048135013
2304	2304	1.13432607858019
1903	1903	-1.52455157868004
833	833	0.393016594674934
364	364	-1.74044608113242
2095	2095	-0.539700012751548
2355	2355	0.646615039387891
2216	2216	0.872214317688535
1037	1037	2.83641149055103
578	578	-1.55579875989882
285	285	0.75696894670806
1896	1896	0.364297957737176
1770	1770	-0.240588406228427
1976	1976	-0.330402514835145
1765	1765	-0.132831103962133
757	757	-1.22964423768011
227	227	0.550661562100296
694	694	-0.740830976165801
2180	2180	-0.602290178109234
1706	1706	-0.414144562868227
1999	1999	-0.874624456953768
978	978	1.18848463055688
254	254	0.230835805772851
936	936	0.538680208479791
2256	2256	-1.67567668623264
531	531	1.23465509914393
1867	1867	0.237131757506225
274	274	0.35363691582521
2005	2005	-0.102855287974237
428	428	-0.096805059047024
673	673	-0.297304249185438
1981	1981	0.886214337676797
103	103	-1.39148104151347
334	334	0.434756518252571
1213	1213	-0.291424964833947
1700	1700	-0.221187420518601
1297	1297	-0.523612212041483
1125	1125	0.490219944285471
809	809	0.644542921923534
1254	1254	0.0199683507427805
283	283	-1.02056199315129
1465	1465	0.476583260690309
1309	1309	0.683634723642663
622	622	1.18560011102488
329	329	-1.34247656678867
1842	1842	0.115160606070878
1354	1354	0.967117137232894
892	892	-0.258490845825178
756	756	0.282626458106172
1848	1848	-0.849421878219066
1160	1160	-0.682399419364958
1016	1016	-0.845105343655988
188	188	-1.00112004098078
1579	1579	1.39741982566639
1080	1080	-0.122091862675138
1941	1941	-1.08799146467673
709	709	-0.466261568212588
411	411	0.835492201228864
1672	1672	-1.63576519238534
2311	2311	0.64345958497037
15	15	-0.140985698815641
1527	1527	0.648195396220019
1829	1829	0.478416505171856
205	205	1.84777782392916
1906	1906	0.112799588630575
498	498	-0.694496332783568
955	955	-0.306806931686881
191	191	-0.756115641178683
1153	1153	-0.345574729735111
634	634	0.646936653976189
2340	2340	0.380195764337345
256	256	0.30936298262081
1772	1772	-1.35847196974788
524	524	1.06739040769821
792	792	-0.413750306116213
1675	1675	0.780194597543219
1955	1955	0.322122061087133
674	674	0.760436535813256
2327	2327	1.11052177425403
356	356	-0.434499453159338
1109	1109	-0.919774040583191
1608	1608	-0.565531842420625
1767	1767	0.671515504808399
1994	1994	-0.551970799123715
956	956	-1.34707129142343
1284	1284	-0.345399150099392
389	389	0.722198940836603
1559	1559	1.88509154667943
2387	2387	-0.0162055979822325
1419	1419	-0.521220944729755
388	388	-0.995295528446771
162	162	-0.744895943994928
596	596	-0.0719512545139917
598	598	-0.180559998905157
310	310	-0.260193266909103
2247	2247	2.3884240794805
640	640	-0.819646704246374
1089	1089	0.912781507908478
1288	1288	-0.456737356144785
804	804	0.408802847060771
425	425	0.206122182725713
1281	1281	-0.120620188527239
1280	1280	0.911632578595869
915	915	-2.33900886577196
1785	1785	0.179153302626424
270	270	1.50849152927248
440	440	-1.28567720979199
1259	1259	0.653996744360808
2163	2163	0.623098196432256
698	698	2.3174611562325
625	625	0.7363999966202
728	728	0.951699391620522
831	831	-0.65816844559584
40	40	0.524068268851846
271	271	0.124332739066833
1437	1437	-0.978479701686618
2254	2254	-1.0876031553345
1197	1197	-0.0867220442011488
1330	1330	0.977169176052653
159	159	0.898047382229695
1834	1834	0.0653460902083465
1517	1517	-0.529961530358866
1041	1041	0.907018773047858
2317	2317	-0.722451973475947
1433	1433	-0.67321610870116
1167	1167	-0.455159684399479
1776	1776	-0.398308252083574
1618	1618	0.961441747519991
1350	1350	0.15413143515179
1063	1063	0.750798250463007
844	844	-2.30557619767216
60	60	1.86804241682734
550	550	-0.394560592573201
63	63	0.347912594049879
1954	1954	-0.0796549244279908
294	294	-1.6505678404262
2250	2250	-1.73307089867127
1006	1006	0.327141946506732
390	390	1.1978688145395
1844	1844	0.331493912803486
1463	1463	-1.19680019375401
73	73	-2.6678689593457
1443	1443	1.34214958699911
1215	1215	0.163931640235357
677	677	1.8953692121024
68	68	-1.47927502941987
2360	2360	0.746701405577816
219	219	-0.732898777815325
863	863	0.216085489830039
1491	1491	-0.188763249582844
1384	1384	-0.695185147077794
1610	1610	-1.05537770407286
75	75	1.16650126387567
1151	1151	0.204592692334465
377	377	-0.247340097532418
1716	1716	-0.222765063199432
1642	1642	-0.0941403579618035
402	402	0.545305800242006
1793	1793	0.0747316957000394
551	551	-0.0257177635091621
1034	1034	-0.430642260690005
177	177	0.816170321057312
1460	1460	-1.08238773802345
1150	1150	2.25090315227779
597	597	-0.433100441609891
367	367	-0.109958659318267
2189	2189	-0.1739031823648
2332	2332	1.56686060637326
127	127	0.554003247538227
2036	2036	0.395339249711462
552	552	-0.0549183771499601
2272	2272	-0.469291603208315
1824	1824	-1.7398489559376
301	301	1.06342118515012
289	289	0.164963605678453
1134	1134	-0.00997373155918696
1480	1480	-2.63931617603842
960	960	-0.0826809378284962
560	560	0.185211331512108
2350	2350	-0.986065484838279
195	195	-1.15636206844688
837	837	0.278454293173072
615	615	1.46151702875403
899	899	0.0894045554537205
1868	1868	-1.30445495311628
1764	1764	1.4325623112037
2046	2046	0.190795540945149
538	538	-0.448111133803964
602	602	1.18089365062764
1720	1720	-0.117856284433046
2147	2147	-1.38638321806397
1845	1845	-2.28072083899886
71	71	-0.465150063047033
1724	1724	-1.233820089185
136	136	0.283982881394018
529	529	0.225473254890822
46	46	1.0585301752685
1483	1483	-0.360007895490095
1476	1476	-0.0218315564406856
1242	1242	-0.0319708196324011
362	362	0.638750036981282
1314	1314	-0.463771926156791
983	983	0.102829380100808
463	463	0.515454623628568
347	347	1.36258690161658
8	8	-0.291122768003562
737	737	-0.292571916264699
1371	1371	-0.705020050291677
2276	2276	-0.0597969195103905
1673	1673	0.747648909666796
1961	1961	-0.0305465845830071
2062	2062	-1.85377022336715
918	918	-0.288428239104925
226	226	-0.146729860697354
1471	1471	1.29540850501261
1369	1369	-0.515826118042873
2372	2372	-0.0274857299309133
1654	1654	-0.259684591908092
323	323	-1.29062655670268
1645	1645	1.66504026456982
1584	1584	-1.22669897025711
2242	2242	-1.67157688005127
993	993	-0.630265981858823
1424	1424	0.541550388072844
2113	2113	-0.76526631712937
125	125	1.00117176046763
706	706	-0.961565662454806
1473	1473	0.885815976144165
1367	1367	-0.501197050432085
2054	2054	0.714563915608221
1663	1663	-1.24617342444151
2152	2152	1.03360743455575
2210	2210	1.24698738751193
1644	1644	-0.891230434490297
523	523	0.121589582484195
147	147	0.740132442513678
1469	1469	-0.222584637818222
2030	2030	-0.814606917418454
1555	1555	-0.681713578979544
1414	1414	-0.510578589945377
62	62	-0.810318709944845
929	929	-0.277842615900705
1226	1226	0.157339007088634
1301	1301	-1.39600705018003
1325	1325	0.63095577632728
2170	2170	0.199323298473673
1943	1943	-0.2789886879872
1124	1124	-1.16805812682812
1692	1692	-0.914136743082688
366	366	-1.78149977511378
496	496	-0.320717741206988
1450	1450	-0.843330254254216
574	574	0.245670744052829
987	987	-0.837068025432279
1365	1365	2.56188238336122
2352	2352	-0.409635380688856
1511	1511	-1.07215581601994
1857	1857	0.436199525155262
2316	2316	0.0734570234981506
565	565	-1.56168967718005
1827	1827	0.527769500883678
51	51	-1.12411505497716
1266	1266	-0.224020436160526
2143	2143	1.52645209046032
875	875	0.827897706957911
2174	2174	1.75833046118821
1303	1303	-0.0792157723556453
587	587	-0.829494730153021
2257	2257	0.123737165247279
1519	1519	-0.207430502551441
1370	1370	-1.30057497393513
74	74	-0.101645693044971
542	542	-0.764044601783757
1493	1493	-1.49848574011319
1486	1486	1.60222036755192
845	845	-0.60290030939905
2343	2343	-1.20014403419509
2309	2309	-1.80192785256511
1091	1091	1.03761007435422
1403	1403	-0.225008817047128
2110	2110	2.31462041613649
482	482	-0.485491965968686
2127	2127	-1.92308298750238
1727	1727	0.0260915432614679
601	601	-0.104160626616559
2234	2234	-2.05237998039764
126	126	-0.446733487498151
716	716	-0.478152153458546
1261	1261	-1.2999924739158
102	102	-0.998094287848978
1039	1039	-0.378116442816971
824	824	-0.851840302625941
964	964	-0.835024388992807
1036	1036	-1.08776434981554
1472	1472	-0.387525295694824
1639	1639	0.563911501275941
499	499	-0.557167080816926
2150	2150	1.58500361800288
1771	1771	-2.25626433514172
1274	1274	-0.0297591697074265
1058	1058	0.45762471501678
2010	2010	-0.343284573995832
832	832	0.118281297341641
992	992	0.647274593411184
2089	2089	0.659509665057241
913	913	-0.392092272027125
149	149	-0.293349949677483
977	977	1.29043567558656
1596	1596	1.20359525194917
758	758	-1.39572595490808
1246	1246	0.940040064531351
1997	1997	2.00192090989254
876	876	0.812486816713232
1839	1839	-1.41110543172183
1962	1962	1.13533159336309
2182	2182	-0.228622675459868
561	561	-0.00725564381985155
1707	1707	-0.426101974705701
433	433	-0.211047789968699
1211	1211	1.10375344537799
2393	2393	-0.369691837735668
629	629	0.251476348000975
1956	1956	1.58584295374556
34	34	-1.34003976996896
658	658	-0.310011343630126
363	363	0.146854689760621
1387	1387	-0.66998840569792
506	506	-1.38025460266998
2297	2297	-0.423925116801425
2141	2141	-0.0888654327178026
2156	2156	-0.601485186333841
1570	1570	-0.740960056104668
1913	1913	1.34240270003885
2358	2358	-1.87168083716017
2274	2274	0.0300384378724513
1931	1931	-0.116174840390981
1670	1670	0.340873555391518
675	675	-1.45791421748193
213	213	-0.353897037385134
1662	1662	-0.324007416683141
2280	2280	0.215585440884393
532	532	0.173038112868157
1454	1454	-0.377904217275434
637	637	-1.46254980515292
1977	1977	-0.957122738751451
1177	1177	0.0991020687089729
419	419	1.14549711938522
1397	1397	0.584506331397674
448	448	-1.47863937902346
16	16	0.236099629228051
1307	1307	-1.87428454259998
398	398	0.235277947066594
995	995	-0.921914709889089
2138	2138	0.38414615891122
652	652	-0.123080794476686
249	249	-0.329935289840024
713	713	-0.455464263083623
1656	1656	-1.81744786041499
1294	1294	0.448111850018901
257	257	0.307406830235504
1853	1853	-1.44281598469801
479	479	0.216015611240531
234	234	0.487888587952892
1361	1361	-0.623570059594551
119	119	-0.842100170890882
1863	1863	-1.10484442425642
882	882	0.656588667320026
2380	2380	-2.3238257280161
1818	1818	-1.11109523411643
412	412	-1.0409197560261
2202	2202	1.88495735867851
397	397	-0.818680294806909
427	427	0.0398663139153575
208	208	0.0894701122903985
1270	1270	-0.256614826067153
1436	1436	0.22980795378248
1879	1879	-2.2078431629799
1018	1018	0.990099793475227
1481	1481	1.37074566878159
1633	1633	1.05372338154862
204	204	1.79452102490302
534	534	-0.864366511549989
66	66	-1.41907221828404
779	779	0.801226431701883
1399	1399	0.359604570381111
2100	2100	-0.134237256390113
2002	2002	0.496932784700474
300	300	-0.311867869969945
1640	1640	-0.660441258417206
648	648	-0.143400481673641
1556	1556	-0.350097929544622
1137	1137	-0.0221474307582724
1622	1622	1.05630735680829
1751	1751	0.0243232138133094
683	683	0.102056800263693
2115	2115	-1.77160273879302
653	653	1.25163226479884
1975	1975	-0.433669894919984
1969	1969	-0.319549287091827
31	31	-1.09283714424633
1383	1383	0.232691564344122
203	203	-0.364616530704537
272	272	0.546628127815155
2321	2321	-0.689646471773634
1456	1456	-0.0337051864559024
399	399	-0.364823441311444
1998	1998	0.515000107183445
1797	1797	-0.597786221394035
457	457	-0.613756426914798
1957	1957	1.21823905409758
2123	2123	-0.201615219396418
2313	2313	0.0794657475446527
959	959	0.318460291287405
1348	1348	-0.103247395484628
4	4	1.71198352273305
1147	1147	-0.386490197537911
230	230	-0.954234158420741
712	712	1.22677595224154
1332	1332	0.10548057072019
2133	2133	-0.152532059610488
1421	1421	0.197844193353749
2375	2375	-1.50050796150979
470	470	0.915119219373999
2286	2286	0.631391364579164
815	815	0.128785638755638
1789	1789	-0.819786835320152
452	452	0.137074597424873
1070	1070	0.879630119589532
259	259	0.928606827226036
97	97	-1.73915840693845
1549	1549	0.437196483927939
1847	1847	1.07591347335013
2258	2258	0.604017536750564
904	904	1.22337355320348
353	353	0.052433948899643
1719	1719	-0.468425212399956
2269	2269	0.790256430891517
2	2	2.35664073497094
1781	1781	-1.018151982695
50	50	-0.0628595866040038
1085	1085	1.61405976860548
852	852	-1.94602033555577
790	790	0.470854542960443
1049	1049	-0.157367931154722
382	382	-1.06005916833222
965	965	0.787034861691442
1646	1646	0.0902781791250698
348	348	0.372105743901702
874	874	1.43751431628533
612	612	-1.44664999488811
239	239	-0.150675648331701
1572	1572	-0.49902875430303
1987	1987	0.718178409648846
1155	1155	-0.0168837473839631
1648	1648	0.0223110082895123
2129	2129	-1.03580157989222
1489	1489	0.241004522182578
1748	1748	-0.0720856379130303
1346	1346	-0.121158269599298
725	725	1.19304850517104
1877	1877	0.25846210928439
1013	1013	0.223164714369585
1002	1002	-1.58439036250637
721	721	-0.24933764587841
1548	1548	-0.9598218479825
1757	1757	-0.506359550367272
1520	1520	-0.316451241988869
685	685	-0.158123582350278
250	250	0.694240008550559
1864	1864	-1.14598732934465
546	546	0.26791698994958
894	894	-1.80632914831014
2201	2201	-0.725438937888196
1064	1064	0.642020284764683
2231	2231	0.1891787068698
1783	1783	0.310496083851505
567	567	0.204772295764888
76	76	0.927960503794441
292	292	0.214282361220276
2132	2132	-0.431020098406171
98	98	1.40139529673734
1950	1950	-0.492309877702536
445	445	1.11236672138743
1732	1732	1.25330945986908
1523	1523	0.566325048505495
2135	2135	-0.15528401932754
1393	1393	0.437183427279641
1636	1636	0.08992081758817
1728	1728	-0.227363357537263
1533	1533	-0.0739201855271465
1157	1157	-0.036287190807323
1154	1154	-0.537828864464211
1360	1360	0.722476862206133
699	699	0.30140959690432
1104	1104	0.572897541917584
173	173	0.931511829998834
1939	1939	-0.204264184241979
2296	2296	-0.376077753006448
1152	1152	0.362847156761549
897	897	0.898502345823233
880	880	-0.349064179729893
1852	1852	-0.748010082313034
430	430	1.21943157259179
1660	1660	-0.438747543620302
2111	2111	0.0162327973023654
417	417	-0.35691932255137
789	789	0.946887481849137
515	515	0.47857805550857
28	28	1.45241360320114
2335	2335	0.837222245963479
1735	1735	0.789230298524176
621	621	0.240108968538631
2396	2396	-0.506369795298526
2162	2162	1.45099223521856
2087	2087	0.173757623641063
818	818	-0.24260068561278
1635	1635	-0.311757480180484
754	754	0.749296897795301
1209	1209	0.144247223021827
2154	2154	-0.522706013963419
846	846	0.902232270574858
553	553	-0.940181923087501
1492	1492	0.885698138296607
1379	1379	-0.767239237696229
591	591	0.770481773357088
704	704	-1.1621395031638
376	376	0.175010226359862
488	488	1.21903446319063
510	510	-1.18579090227385
1740	1740	-0.797695590543782
1875	1875	1.02318413563772
768	768	-0.105405604135165
2121	2121	1.11727529190353
485	485	-0.989637417993466
1185	1185	0.235904284145781
1223	1223	-0.398699699250779
877	877	-0.456411717529692
1958	1958	-1.04137745139968
1760	1760	-1.56680155047074
769	769	-1.92981173808701
1196	1196	0.190698246023954
167	167	1.06608849176089
180	180	-0.378971441034361
1004	1004	2.05926749889684
669	669	-0.434410914974107
823	823	1.10380323176929
2259	2259	1.12361720967578
2040	2040	-1.37470850128106
489	489	-0.0879446869088544
691	691	-0.717577813921002
1546	1546	1.22114799994899
416	416	1.48377115521046
2351	2351	1.11951925162766
181	181	0.51762293826437
1882	1882	-0.703463052067663
1592	1592	-1.37389256208067
443	443	1.19828418967922
1697	1697	-0.863286729701669
740	740	-0.202708848959588
759	759	-1.92951600126071
1888	1888	-0.413517050986973
1101	1101	-0.15907894567802
374	374	0.337139419955131
722	722	0.805641175243662
1505	1505	-1.10101594981122
1324	1324	-2.37322271233997
795	795	-0.0184225212623829
1595	1595	-1.52753004343135
2282	2282	1.09238278480689
1766	1766	-0.425972258802414
2072	2072	-0.0997819398615404
315	315	-1.03636464496621
1435	1435	-0.250473194865145
2195	2195	-0.370254958229386
1074	1074	-1.20176717309493
1807	1807	1.54784163052106
898	898	-0.231007377854083
670	670	1.56017654113315
843	843	0.521741503628357
826	826	0.433181739855773
689	689	-0.731582877416046
557	557	0.889240185994025
1912	1912	0.485468434207404
160	160	-0.620927038347215
585	585	-0.0651662608201704
1405	1405	-1.56582469110396
77	77	0.461584389821135
2361	2361	-0.346232736071527
1815	1815	-0.149856833367139
1315	1315	-0.205482619258
1971	1971	1.2674606973476
1051	1051	-1.33194984709789
1193	1193	0.699622332960998
1429	1429	0.335901922924732
1176	1176	0.411786879984323
1731	1731	-1.2495163814038
797	797	-0.339651048365733
2377	2377	0.0255936314026479
2041	2041	-0.356464845548192
971	971	1.60804668386068
1083	1083	-0.280545942929599
1630	1630	-0.743096103772811
659	659	-0.236647314352807
1938	1938	0.526627873245211
324	324	1.681153346368
264	264	-0.66271672875397
1191	1191	0.749069906402814
1986	1986	-1.03879376386708
830	830	0.701261500268052
1296	1296	1.16570005052461
1502	1502	-0.562984668453869
1616	1616	-0.521245385925993
1940	1940	-0.214338899225692
2070	2070	-0.169001936220082
1643	1643	-0.344369356729726
1910	1910	0.959576243145863
1396	1396	0.613476562215604
2203	2203	0.646963993719883
1272	1272	-0.441845156247116
1984	1984	-0.183215120681292
2029	2029	0.263190158559418
1256	1256	-0.193441355900784
577	577	0.268687378821627
1666	1666	-1.09294688801923
1881	1881	-0.170987056124188
1799	1799	0.10510175727883
1161	1161	-0.976994609235047
1488	1488	0.0382227927429442
341	341	1.05160310387518
1756	1756	1.12961516707838
241	241	-0.262442803112947
816	816	0.760045548889506
1054	1054	-1.32002519850565
554	554	-1.65089243902974
194	194	-0.29664120679989
2023	2023	0.860286600297861
2341	2341	-1.62622404817914
1428	1428	2.08305223783231
516	516	-0.593102763002244
671	671	2.17652836945138
2018	2018	0.887141259448558
1747	1747	0.0525660865215196
1718	1718	1.10343678880302
1686	1686	-1.00426093954681
1208	1208	0.353938315258687
946	946	0.729739236813928
1823	1823	-0.939815684277228
1841	1841	-0.404881023545196
1681	1681	-0.572295135830211
896	896	-1.61293832092862
100	100	-0.47661153106121
2248	2248	-0.646890760891722
253	253	0.134054703001668
530	530	-1.17449185943366
2298	2298	1.63548946645054
1703	1703	0.561063176954857
1509	1509	-0.415542140120475
2249	2249	-0.780096007444559
1708	1708	0.0556406965520146
454	454	0.146556490059472
895	895	0.782025218914511
988	988	0.872443682864061
1407	1407	-1.30429362013581
2223	2223	-0.948190021073998
1128	1128	-1.52294983514928
619	619	-0.544941885586934
2109	2109	-0.535456863339035
1526	1526	-0.376491329370149
1136	1136	-0.934113727852129
1479	1479	1.33918330742828
2284	2284	0.859549465428876
2044	2044	-0.499548407666186
497	497	-0.563235269906048
82	82	0.26755903216292
1345	1345	0.118449784641247
1992	1992	0.383401450791995
1490	1490	-0.770025474495205
305	305	-1.68728162812973
176	176	-0.677427570467069
164	164	-1.55415377612246
1804	1804	-0.116567309364236
703	703	0.428779227878596
1390	1390	-0.330740445198166
1924	1924	1.6166605396367
1386	1386	-1.48911263056122
2400	2400	0.79396598024998
2349	2349	-0.461553062269915
600	600	0.156533034209578
475	475	1.80219140994458
900	900	0.374899634454739
1565	1565	0.189674322797502
1423	1423	1.52244299827413
2246	2246	0.685977844422214
1580	1580	-0.866766663796757
1792	1792	-0.854907724532937
2052	2052	0.211210885605745
380	380	-0.902480585560365
1909	1909	-1.49878539578414
1425	1425	-0.32371248898904
1973	1973	0.209822416501317
1108	1108	0.539043259689574
493	493	1.10874429274144
1299	1299	-3.23355330605756
1240	1240	0.613795690035539
1478	1478	-0.120772123976985
942	942	-0.804249324662561
2032	2032	-1.08271850222233
1043	1043	-0.0254502877817959
1529	1529	0.766385258163393
780	780	-1.32947464164053
1003	1003	0.592270243997494
288	288	-1.68253026408946
1638	1638	-1.17895023193401
761	761	-1.01399875680512
401	401	-0.125439174287013
1919	1919	1.06074347523465
1495	1495	0.131962435331023
1801	1801	0.14568532478362
84	84	-1.03092658042968
2160	2160	0.1081837718643
1928	1928	0.0687799757880515
1105	1105	-0.269388819655019
776	776	0.0720760458745381
509	509	0.223481604080132
2217	2217	1.66642430344916
1819	1819	1.0054862685654
1439	1439	-0.790349774543643
467	467	1.48604858547277
2008	2008	-0.302817525629484
118	118	-1.29434019526855
2079	2079	0.535239579091383
236	236	-0.282786675837134
1583	1583	0.353495639613724
1865	1865	1.26965602345396
1011	1011	-0.908229798576265
333	333	0.464532373251283
820	820	-0.202736996114929
308	308	-0.843136383959648
803	803	-0.198037397758115
626	626	-0.821289179116149
462	462	-0.245293976298077
1739	1739	0.290326247121996
1156	1156	-0.521379929990626
1972	1972	0.0235743020934893
594	594	1.27485819008935
723	723	0.262381704330702
2381	2381	-0.854003631227533
1923	1923	0.00010721437607919
1946	1946	-0.884178321015592
446	446	0.672429473363391
69	69	-0.320880177300548
1133	1133	-0.382269317105297
1628	1628	0.333086159310621
2394	2394	-0.0585959800303488
32	32	-1.97554347355029
1550	1550	-0.730218973162781
2253	2253	-0.336152968266338
1190	1190	-0.15772220500039
1851	1851	-0.832086633594366
858	858	-0.39843154790585
487	487	-0.138191960404948
1501	1501	0.312860702960301
1892	1892	-1.14748877449014
354	354	-0.0774064579674207
624	624	1.06370391847517
1503	1503	1.00115721428715
418	418	-0.680375512232223
1983	1983	-0.088745563383251
930	930	2.38298716079011
143	143	1.49306589687742
1336	1336	-0.885459666894671
130	130	0.460708161337191
976	976	-1.23511552045552
1358	1358	-0.960746698537498
821	821	-0.674839360687746
1024	1024	-0.534490247126611
1122	1122	0.0325736179974558
751	751	0.545296637147146
982	982	1.05706340225619
1359	1359	-0.979845440199948
985	985	-0.100728275056662
922	922	-0.655961449982855
165	165	1.3756448617673
1682	1682	-1.04038090804242
2207	2207	0.18775066910089
1094	1094	-1.08589335479886
1684	1684	-0.309653541062275
697	697	0.748103186439372
1010	1010	0.369539992214042
2012	2012	0.23387335042014
948	948	-1.59827967372775
1787	1787	-0.209422299760579
1342	1342	0.521037983167817
25	25	1.0951491535333
1273	1273	1.343569900908
1900	1900	0.581539623323181
1056	1056	0.805658679398361
1079	1079	0.4639559391538
1204	1204	0.899685926782983
1904	1904	-0.719046068091969
1866	1866	-0.691698031790922
326	326	-0.436766782300698
1017	1017	-0.228269247579439
787	787	-0.223437789638029
871	871	0.122455744450928
519	519	0.15934407927276
503	503	0.240260077510533
444	444	0.635796182825496
182	182	-1.84875532183801
2339	2339	-1.22642886918527
1015	1015	0.403134784276921
107	107	-0.377387540107598
1507	1507	1.04158360712003
368	368	-1.18790010299574
951	951	-0.686443606162944
273	273	-0.239115755663104
726	726	-0.0100400375721724
1880	1880	-1.31922529516874
464	464	-0.337235898634997
355	355	-0.107466329528558
483	483	-2.31951851672211
1290	1290	-0.783684320992746
973	973	-0.280804357233486
582	582	-0.379585845317634
1830	1830	1.68583877043235
620	620	-0.0793257717047472
131	131	0.607974051893356
216	216	0.0607696156041963
1809	1809	-1.42228742898993
2120	2120	-0.714820139779808
829	829	0.168997937248401
1329	1329	0.413625319262152
513	513	1.29633050625445
1373	1373	1.12496946289061
1078	1078	-0.392142161899531
114	114	-0.880210241256357
564	564	1.38420942397863
110	110	1.08417236867068
94	94	0.139170055443264
928	928	0.336453120182469
1451	1451	0.235514572916915
1168	1168	-1.78810393711808
175	175	0.246214370266426
95	95	0.326989579369213
997	997	1.06930395745293
1292	1292	1.81787129896196
2270	2270	-0.69220107351644
391	391	0.671017139071031
1901	1901	-0.171119377989967
1551	1551	0.855980481710188
910	910	0.351463243430314
1229	1229	-0.369441731846572
1873	1873	-1.45263725115971
1162	1162	0.00154561940884346
193	193	2.01354939001222
1061	1061	-1.89169003524625
1025	1025	-0.879049244811312
157	157	0.483416935312782
92	92	0.682546827988961
730	730	0.605947371647202
1762	1762	-1.72288195997529
1044	1044	0.582899939613002
144	144	-1.23102782453425
1404	1404	-0.199488847027803
1050	1050	-0.276192331380143
2140	2140	-0.249120670971572
558	558	1.08920733645026
1617	1617	-0.196432508196134
2395	2395	-0.56122690997746
605	605	-0.298944673876641
1561	1561	-1.28094275331198
1788	1788	0.922775091638469
101	101	-0.35066816385144
2196	2196	-0.588697582837076
541	541	1.82259213064731
2164	2164	0.968958580929919
307	307	-0.0892689726498511
1434	1434	-0.0139666771997377
2281	2281	0.0686599004176088
1632	1632	-0.217701081135028
212	212	-0.226582408315775
504	504	0.451535076062059
855	855	-1.4460557778732
1535	1535	-0.147904459738051
1372	1372	0.453646100114597
682	682	0.867115942995786
1271	1271	-0.539352734319964
2081	2081	-1.67888348555084
1426	1426	0.0359667994332044
1431	1431	-0.927639022768175
42	42	1.75738368855086
1368	1368	-0.143175455458061
1745	1745	2.01793959792393
1218	1218	-0.654768907996351
262	262	1.18135950407521
715	715	-0.830681874308425
1174	1174	-0.717722076451714
1854	1854	-0.635518737079755
169	169	1.57501822436881
1594	1594	-0.943794699837235
1236	1236	-0.215212191493152
791	791	-0.989059360409545
258	258	-1.35151693839255
1607	1607	0.184506963914364
11	11	0.74100348649442
237	237	-0.575308640316625
1351	1351	-0.672771978304871
912	912	-0.325654513493356
1042	1042	0.251458577564488
342	342	0.0465069431997939
186	186	0.325561565076204
134	134	0.244685889165351
1874	1874	0.318368777347614
969	969	2.54000091369051
907	907	0.870679134936405
1576	1576	0.772124207813937
2178	2178	1.20511085410075
2294	2294	0.165441156882569
784	784	1.60715199768503
72	72	-1.94099436822415
18	18	0.264661702885176
1262	1262	-2.0202548491632
252	252	0.704897082755103
328	328	-0.796596480619589
906	906	1.42685944006581
449	449	0.961922160624064
199	199	0.682112843575332
1245	1245	-0.426799082766193
1117	1117	1.68076101417932
2348	2348	1.09735296941028
2091	2091	-0.305912700703529
661	661	1.32834440640345
570	570	-0.485358005095881
1949	1949	0.180120658288383
724	724	-0.921736839701659
1216	1216	-1.33819281198696
750	750	-0.265160449890249
2379	2379	-0.863563614061156
668	668	-0.345505852851119
2043	2043	0.0471284803493762
909	909	-0.223695103377757
934	934	-0.247450911252702
48	48	1.0461503282252
282	282	0.236979613195371
1198	1198	-0.237251046061516
2021	2021	-0.29646052205875
614	614	1.4785003435921
2233	2233	0.771267002468156
1803	1803	-0.812265517128145
172	172	0.622956505900137
